,City,Cloudiness,Country,Date,Humidity,Lat,Lng,Max Temp,Wind Speed
0,Albany,75,US,1575750835,46,42.65,-73.75,30.99,14.99
1,Prachuap Khiri Khan,40,TH,1575750835,71,11.81,99.79,71.15,19.53
2,New Norfolk,40,AU,1575750835,71,-42.78,147.06,59.0,4.7
3,Bredasdorp,74,ZA,1575750835,77,-34.53,20.04,66.2,8.05
4,Qaanaaq,17,GL,1575750835,49,77.48,-69.36,-5.93,7.74
5,Busselton,48,AU,1575750835,64,-33.64,115.35,51.01,9.44
6,Kenai,90,US,1575750835,86,60.55,-151.26,34.0,13.87
7,Khatanga,0,RU,1575750835,87,71.98,102.47,-5.24,9.19
8,Pevek,100,RU,1575750835,97,69.7,170.27,-5.49,3.65
9,Barrow,44,AR,1575750835,22,-38.31,-60.23,79.02,13.11
10,Seymchan,100,RU,1575750835,93,62.93,152.39,-20.7,6.4
11,Airai,0,TL,1575750835,52,-8.93,125.41,67.86,4.41
12,Lerdo,0,MX,1575750835,81,18.63,-95.52,81.0,11.99
13,Taraz,90,KZ,1575750836,100,42.89,71.39,30.99,1.3
14,Isangel,83,VU,1575750836,78,-19.55,169.27,82.4,5.82
15,Bluff,43,AU,1575750836,62,-23.58,149.07,77.25,10.87
16,Hobart,40,AU,1575750674,71,-42.88,147.33,57.99,4.7
17,Chornukhy,41,UA,1575750836,90,50.27,32.94,27.09,9.42
18,Mataura,100,NZ,1575750836,76,-46.19,168.86,55.0,3.0
19,Bambous Virieux,20,MU,1575750836,88,-20.34,57.76,77.0,3.36
20,Abu Kamal,2,SY,1575750836,71,34.45,40.92,52.05,9.37
21,Jamestown,0,AU,1575750836,17,-33.21,138.6,70.5,16.6
22,Ojuelos de Jalisco,0,MX,1575750836,24,21.86,-101.59,67.98,5.77
23,Khani,0,GE,1575750837,58,41.96,42.96,46.4,11.41
24,Rikitea,100,PF,1575750837,73,-23.12,-134.97,73.85,21.88
25,Alofi,53,NU,1575750837,74,-19.06,-169.92,82.4,17.22
26,Los Llanos de Aridane,75,ES,1575750837,68,28.66,-17.92,68.0,17.22
27,Cap Malheureux,20,MU,1575750663,88,-19.98,57.61,77.0,3.36
28,Vaini,0,IN,1575750837,92,15.34,74.49,65.23,7.0
29,Ushuaia,40,AR,1575750837,75,-54.81,-68.31,44.6,28.86
30,Esperance,75,AU,1575750837,82,-33.86,121.89,60.8,9.17
31,Kapaa,20,US,1575750837,78,22.08,-159.32,80.6,5.82
32,Kodiak,1,US,1575750837,39,39.95,-94.76,54.0,10.29
33,Hilo,1,US,1575750837,65,19.71,-155.08,78.8,5.82
34,Waipawa,34,NZ,1575750837,40,-39.94,176.59,77.11,10.18
35,Faanui,76,PF,1575750837,77,-16.48,-151.75,82.27,17.29
36,Chokurdakh,0,RU,1575750837,98,70.62,147.9,-27.2,3.78
37,Hov,67,SE,1575750837,59,59.09,11.4,36.0,9.17
38,Surt,100,LY,1575750837,40,31.21,16.59,64.0,6.55
39,Sao Filipe,0,CV,1575750837,74,14.9,-24.5,70.79,18.16
40,Guerrero Negro,1,MX,1575750837,29,27.97,-114.04,77.95,9.6
41,Narsaq,75,GL,1575750838,59,60.91,-46.05,33.8,1.12
42,Saint George,75,GR,1575750838,93,39.45,22.34,48.2,1.57
43,Ostrovnoy,100,RU,1575750838,90,68.05,39.51,26.15,12.12
44,Villarrica,2,CL,1575750838,60,-39.28,-72.23,73.99,11.41
45,Mar del Plata,51,AR,1575750838,47,-46.43,-67.52,63.25,18.57
46,Lompoc,90,US,1575750838,82,34.64,-120.46,63.0,8.05
47,Acapulco,5,MX,1575750671,66,16.86,-99.88,86.0,10.29
48,Castro,40,CL,1575750838,52,-42.48,-73.76,69.8,13.87
49,Torbay,90,CA,1575750838,98,47.66,-52.73,34.0,13.87
50,Dikson,83,RU,1575750838,99,73.51,80.55,-10.61,11.12
51,Avarua,97,CK,1575750838,74,-21.21,-159.78,78.8,12.75
52,Oktyabrskoye,75,RU,1575750838,92,56.73,85.44,28.99,15.66
53,Arraial do Cabo,20,BR,1575750838,73,-22.97,-42.02,77.0,10.29
54,Hermanus,0,ZA,1575750839,82,-34.42,19.24,71.01,8.01
55,Caceres,100,CO,1575750839,82,5.53,-74.53,77.0,2.53
56,Cape Town,33,ZA,1575750839,60,-33.93,18.42,71.01,21.92
57,Mahina,86,ML,1575750839,19,13.76,-10.85,80.19,7.56
58,Kruisfontein,89,ZA,1575750839,87,-34.0,24.73,61.99,3.98
59,Butaritari,100,KI,1575750839,91,3.07,172.79,75.18,9.78
60,Oussouye,100,SN,1575750839,57,12.49,-16.54,78.8,4.7
61,Luderitz,100,NA,1575750839,82,-26.65,15.16,62.6,8.05
62,Mitchell,1,US,1575750711,94,43.71,-98.03,39.2,14.99
63,Batemans Bay,10,AU,1575750839,84,-35.71,150.18,62.01,1.99
64,Puerto Ayora,20,EC,1575750839,65,-0.74,-90.35,78.8,8.05
65,Roquetas de Mar,0,ES,1575750839,87,36.76,-2.61,57.0,3.36
66,Carlisle,100,GB,1575750563,100,54.89,-2.94,51.01,24.16
67,Port Elizabeth,1,US,1575750839,38,39.31,-74.98,42.8,8.05
68,Atambua,22,ID,1575750839,85,-9.11,124.89,74.52,3.0
69,Te Anau,100,NZ,1575750839,83,-45.41,167.72,46.04,5.12
70,Magadan,100,RU,1575750839,75,59.56,150.8,6.6,19.13
71,Dubbo,90,AU,1575750839,27,-32.25,148.6,64.4,10.29
72,Talnakh,40,RU,1575750840,85,69.49,88.39,10.4,15.66
73,Atuona,89,PF,1575750840,74,-9.8,-139.03,80.33,18.97
74,Geraldton,90,CA,1575750840,79,49.72,-86.95,26.6,12.75
75,Yellowknife,5,CA,1575750563,67,62.45,-114.38,-27.0,3.36
76,Aleksandrov Gay,0,RU,1575750840,91,50.14,48.57,30.52,10.18
77,Jimma,64,ET,1575750840,81,7.67,36.84,58.46,1.12
78,Biloela,19,AU,1575750840,58,-24.4,150.51,76.66,10.8
79,Bathsheba,40,BB,1575750840,66,13.22,-59.52,84.2,20.8
80,Souillac,90,FR,1575750840,93,45.6,-0.6,54.0,9.17
81,Westport,1,US,1575750840,40,41.14,-73.36,39.2,12.75
82,Pangai,61,TO,1575750840,80,-19.8,-174.35,79.5,15.57
83,Pokhara,0,NP,1575750840,61,28.21,83.99,51.44,3.44
84,Daru,50,PG,1575750840,84,-9.07,143.21,77.41,4.27
85,Nefteyugansk,75,RU,1575750840,92,61.09,72.61,12.2,4.47
86,Salalah,0,OM,1575750840,78,17.01,54.1,80.6,9.17
87,Hasaki,20,JP,1575750840,62,35.73,140.83,33.8,4.7
88,Kamaishi,0,JP,1575750840,67,39.28,141.86,30.07,7.7
89,Kirovsk,100,RU,1575750840,97,67.62,33.66,25.57,4.99
90,Bay Roberts,90,CA,1575750840,97,47.58,-53.28,34.0,13.87
91,Rosarito,75,CO,1575750841,88,4.91,-75.23,77.0,4.7
92,Itarema,6,BR,1575750841,73,-2.92,-39.92,79.65,10.89
93,Tuktoyaktuk,75,CA,1575750841,84,69.44,-133.03,1.4,5.82
94,Baykit,99,RU,1575750841,96,61.68,96.39,9.16,3.0
95,Saint-Philippe,1,CA,1575750841,57,45.36,-73.48,25.0,12.75
96,Kazachinskoye,100,RU,1575750841,92,57.69,93.28,25.34,8.88
97,Kargasok,99,RU,1575750841,94,59.06,80.87,29.73,11.16
98,Pangnirtung,20,CA,1575750841,64,66.15,-65.72,-2.2,5.82
99,Victoriaville,20,CA,1575750559,67,46.06,-71.95,21.0,5.82
100,Longyearbyen,0,NO,1575750841,64,78.22,15.63,-0.4,13.87
101,Wanning,75,AT,1575750841,93,48.64,13.53,45.0,4.7
102,Vila Franca do Campo,75,PT,1575750841,68,37.72,-25.43,64.4,4.7
103,Bandarbeyla,52,SO,1575750841,82,9.49,50.81,79.92,11.05
104,Saint-Pierre,90,FR,1575750841,100,48.95,4.24,50.0,10.29
105,Mangai,78,CD,1575750842,93,-4.07,19.59,69.98,1.14
106,Cintalapa,100,MX,1575750842,66,16.7,-93.73,74.97,7.16
107,Mehamn,100,NO,1575750842,96,71.03,27.85,24.12,2.46
108,Nyagan,100,RU,1575750842,97,62.14,65.43,10.06,2.66
109,Cabo San Lucas,5,MX,1575750836,57,22.89,-109.91,84.99,4.7
110,Tsaratanana,100,MG,1575750842,84,-16.8,47.65,73.72,3.24
111,Tigil,100,RU,1575750842,95,57.8,158.67,13.64,4.25
112,Batagay-Alyta,19,RU,1575750842,88,67.8,130.41,-26.0,5.82
113,Sisimiut,57,GL,1575750664,85,66.94,-53.67,6.35,7.27
114,Port Alfred,63,ZA,1575750842,88,-33.59,26.89,66.0,6.46
115,Togur,94,RU,1575750842,93,58.36,82.83,28.27,9.53
116,Grand Gaube,20,MU,1575750842,88,-20.01,57.66,77.0,3.36
117,Quthing,66,LS,1575750843,57,-30.4,27.7,63.48,10.83
118,San Andres,27,PH,1575750843,83,13.32,122.68,75.94,11.63
119,Karratha,0,AU,1575750843,48,-20.74,116.85,83.97,13.29
120,Codrington,19,AU,1575750843,88,-28.95,153.24,69.8,5.59
121,Dingle,99,PH,1575750843,93,11.0,122.67,73.02,6.96
122,Nikolskoye,90,RU,1575750843,92,59.7,30.79,35.01,11.18
123,Koumac,69,NC,1575750843,56,-20.56,164.28,83.1,3.89
124,Kulhudhuffushi,100,MV,1575750843,80,6.62,73.07,82.56,15.37
125,Saint Anthony,90,US,1575750843,69,43.97,-111.68,39.0,3.36
126,Vagamo,67,NO,1575750843,86,61.88,9.1,7.75,6.62
127,Markova,100,RU,1575750843,92,52.21,104.21,15.8,2.24
128,Whitehorse,75,CA,1575750707,92,60.72,-135.06,10.4,10.29
129,Ulladulla,75,AU,1575750843,68,-35.36,150.48,66.99,5.82
130,Leningradskiy,100,RU,1575750843,99,69.38,178.42,-2.94,23.58
131,Port Macquarie,100,AU,1575750816,100,-31.43,152.91,66.99,7.74
132,Norman Wells,5,CA,1575750844,83,65.28,-126.83,-13.0,4.54
133,Clyde River,1,CA,1575750844,74,70.47,-68.59,-25.6,3.36
134,Punta Arenas,90,CL,1575750844,81,-53.16,-70.91,50.0,27.51
135,Quatre Cocos,20,MU,1575750844,88,-20.21,57.76,77.0,3.36
136,Kirkwall,90,GB,1575750844,93,58.98,-2.96,48.2,19.46
137,Hualmay,43,PE,1575750844,60,-11.1,-77.61,75.42,9.82
138,Rio Branco,75,BR,1575750844,78,-9.98,-67.82,82.4,6.93
139,Oyem,57,GA,1575750844,96,1.6,11.57,68.7,3.85
140,Mount Isa,52,AU,1575750844,12,-20.73,139.49,82.4,4.7
141,Hofn,100,IS,1575750844,88,64.25,-15.21,32.88,40.76
142,Kilindoni,100,TZ,1575750844,81,-7.91,39.67,83.16,7.58
143,Hamilton,75,CA,1575750748,63,43.26,-79.87,33.01,9.17
144,Suez,25,EG,1575750844,63,29.97,32.54,58.5,8.32
145,Jiuquan,99,CN,1575750844,26,39.73,98.49,22.95,4.05
146,Champerico,75,MX,1575750844,45,16.38,-93.6,84.2,7.16
147,Ilulissat,75,GL,1575750844,56,69.22,-51.1,12.2,5.82
148,Burnie,3,AU,1575750844,69,-41.05,145.91,63.0,10.0
149,Hithadhoo,74,MV,1575750844,80,-0.6,73.08,81.68,13.35
150,Yuzhne,90,UA,1575750845,81,48.22,33.85,42.8,8.95
151,Lebu,20,ET,1575750845,66,8.96,38.73,55.4,9.17
152,Ixtapa,5,MX,1575750845,61,20.71,-105.21,82.4,9.17
153,Yulara,0,AU,1575750845,11,-25.24,130.99,77.0,3.36
154,Tiksi,100,RU,1575750845,80,71.64,128.87,-17.16,7.4
155,Nyurba,100,RU,1575750845,89,63.29,118.35,-18.63,4.56
156,Kotelnich,100,RU,1575750845,96,58.31,48.34,32.29,10.67
157,Aracoiaba,38,BR,1575750845,60,-4.37,-38.81,80.53,11.83
158,Carauari,59,BR,1575750845,67,-4.88,-66.9,84.63,3.8
159,North Platte,1,US,1575750638,50,41.12,-100.77,55.0,9.17
160,Ribeira Grande,75,PT,1575750845,77,38.52,-28.7,66.2,11.41
161,Ust-Uda,100,RU,1575750845,96,54.17,103.03,14.16,2.15
162,Aklavik,20,CA,1575750845,75,68.22,-135.01,-4.0,8.05
163,Mezen,100,RU,1575750845,95,65.85,44.24,21.07,10.71
164,Ipubi,72,BR,1575750845,24,-7.65,-40.15,85.66,3.51
165,Cherskiy,52,RU,1575750845,100,68.75,161.3,-26.48,5.06
166,Viedma,40,AR,1575750845,29,-40.81,-62.99,74.57,12.48
167,Harbour Breton,94,CA,1575750845,100,47.48,-55.8,35.01,16.96
168,Sibu,75,MY,1575750644,100,2.29,111.83,75.2,2.24
169,Vao,100,EE,1575750846,96,59.1,26.19,40.95,9.01
170,Thompson,20,CA,1575750746,70,55.74,-97.86,1.4,11.41
171,Irituia,66,BR,1575750846,49,-1.77,-47.44,88.45,8.43
172,Sinnamary,0,GF,1575750846,79,5.38,-52.96,80.89,12.66
173,Polewali,86,ID,1575750846,96,-4.03,119.8,74.17,1.68
174,Praia da Vitoria,75,PT,1575750846,82,38.73,-27.07,64.4,11.72
175,Whitianga,97,NZ,1575750846,85,-36.83,175.7,73.99,5.99
176,Makarov,100,RU,1575750846,69,48.62,142.78,17.13,20.45
177,Sao Joao da Barra,75,BR,1575750846,69,-21.64,-41.05,77.0,9.17
178,Chuy,0,UY,1575750846,64,-33.69,-53.46,65.28,11.39
179,La Seyne-sur-Mer,0,FR,1575750642,76,43.1,5.88,55.99,2.24
180,Provideniya,100,RU,1575750846,89,64.42,-173.23,10.0,23.02
181,Gat,100,SN,1575750846,53,14.69,-16.54,73.4,17.22
182,Ciudad Bolivar,24,VE,1575750846,61,8.12,-63.55,84.94,11.95
183,Atasu,100,KZ,1575750846,85,48.68,71.64,24.33,15.28
184,Vardo,1,US,1575750846,41,39.62,-77.74,42.01,5.82
185,Port Hardy,90,CA,1575750577,100,50.7,-127.42,46.4,9.17
186,Puerto Escondido,40,MX,1575750847,70,15.86,-97.07,84.2,8.05
187,Oum Hadjer,0,TD,1575750847,14,13.3,19.7,73.49,9.71
188,Muros,90,ES,1575750847,100,42.77,-9.06,57.99,4.7
189,Xai-Xai,100,MZ,1575750847,76,-25.04,33.64,77.36,3.62
190,Kerema,0,PG,1575750847,79,-7.96,145.78,76.77,1.9
191,Kholm,5,AF,1575750847,86,36.69,67.7,41.0,1.12
192,Saint-Louis,100,SN,1575750847,60,16.03,-16.5,71.6,4.7
193,Fortuna,75,US,1575750714,72,40.6,-124.16,60.01,10.29
194,Half Moon Bay,75,US,1575750640,100,37.46,-122.43,66.2,23.04
195,Venado Tuerto,100,AR,1575750603,35,-33.75,-61.97,80.01,5.99
196,Maceio,0,BR,1575750847,70,-9.67,-35.74,84.2,14.99
197,Shimoda,0,JP,1575750847,88,34.7,138.93,37.0,11.32
198,Carnarvon,29,ZA,1575750847,52,-30.97,22.13,66.07,17.81
199,Camargo,0,MX,1575750847,32,27.69,-105.17,73.71,7.36
200,Nara,40,JP,1575750847,86,34.68,135.8,48.2,1.12
201,Harper,1,US,1575750848,28,30.3,-99.24,71.01,3.36
202,Hervey Bay,26,AU,1575750848,74,-25.3,152.85,81.0,11.41
203,Fagnano Olona,54,IT,1575750848,100,45.67,8.87,42.01,2.24
204,Baturaja,100,ID,1575750848,97,-4.12,104.17,72.09,4.05
205,Abbeville,90,FR,1575750848,87,50.11,1.83,51.8,13.87
206,Bethel,1,US,1575750848,80,60.79,-161.76,37.4,24.16
207,Namatanai,97,PG,1575750848,74,-3.66,152.44,82.94,6.93
208,Morehead,1,US,1575750848,36,38.18,-83.43,46.4,3.36
209,Grindavik,100,IS,1575750848,63,63.84,-22.43,28.4,28.86
210,Peace River,75,CA,1575750618,77,56.23,-117.29,5.0,5.82
211,Tolentino,75,IT,1575750848,100,43.21,13.28,53.01,1.12
212,Hukuntsi,100,BW,1575750848,82,-23.98,21.76,69.39,5.01
213,Morant Bay,75,JM,1575750848,94,17.88,-76.41,82.0,14.99
214,Georgetown,20,GY,1575750753,78,6.8,-58.16,82.4,6.93
215,Ugoofaaru,100,MV,1575750848,79,5.67,73.0,82.11,15.28
216,Ucluelet,90,CA,1575750848,100,48.94,-125.55,50.0,5.82
217,Kavieng,99,PG,1575750848,74,-2.57,150.8,83.41,5.66
218,Vallenar,0,CL,1575750849,43,-28.58,-70.76,70.25,10.74
219,Minot,1,US,1575750749,69,48.23,-101.3,39.2,14.99
220,Coquimbo,75,CL,1575750849,72,-29.95,-71.34,62.6,12.75
221,Belyy Yar,100,RU,1575750849,74,53.6,91.39,30.2,22.37
222,Nuuk,40,GL,1575750849,72,64.17,-51.74,14.0,10.29
223,San Jeronimo,75,PE,1575750849,76,-13.65,-73.37,55.4,9.17
224,Panguna,100,PG,1575750849,78,-6.32,155.48,76.21,1.36
225,Gorontalo,100,ID,1575750849,89,0.54,123.06,74.3,3.89
226,Palmer,41,AU,1575750849,61,-34.85,139.16,72.0,5.01
227,Cascais,64,PT,1575750679,82,38.7,-9.42,57.0,6.93
228,Karema,100,TZ,1575750849,75,-6.82,30.44,77.32,18.43
229,Mokshan,100,RU,1575750849,68,53.44,44.61,35.01,17.0
230,Port Hedland,0,AU,1575750849,83,-20.31,118.58,78.8,10.29
231,Kirakira,100,SB,1575750849,87,-10.46,161.92,79.12,11.59
232,Merauke,89,ID,1575750849,84,-8.49,140.4,73.54,6.02
233,Pochutla,20,MX,1575750849,55,15.74,-96.47,87.8,6.93
234,Tasiilaq,40,GL,1575750849,63,65.61,-37.64,28.4,16.11
235,Mozhaysk,100,RU,1575750849,73,55.5,36.03,30.18,13.02
236,Sokoto,100,NG,1575750850,13,13.06,5.24,74.89,8.7
237,Taltal,0,CL,1575750850,64,-25.41,-70.49,63.88,8.08
238,Meulaboh,97,ID,1575750850,80,4.14,96.13,77.99,6.91
239,Kavaratti,100,IN,1575750850,72,10.57,72.64,82.27,6.91
240,Soyo,75,AO,1575750850,94,-6.13,12.37,77.0,8.08
241,Samarai,67,PG,1575750850,81,-10.62,150.67,76.6,2.48
242,Urengoy,41,RU,1575750850,97,65.96,78.37,-10.19,10.36
243,La Macarena,93,CO,1575750850,51,2.18,-73.79,87.22,6.06
244,Flin Flon,75,CA,1575750850,71,54.77,-101.88,6.8,10.29
245,Fuglebjerg,94,DK,1575750850,100,55.31,11.55,41.0,6.93
246,Boyolangu,16,ID,1575750850,87,-8.09,111.9,75.27,4.0
247,Leeton,0,AU,1575750850,50,-34.55,146.4,64.4,4.07
248,Upernavik,100,GL,1575750850,83,72.79,-56.15,10.13,11.9
249,Uglekamensk,0,RU,1575750723,69,43.22,133.23,7.5,3.2
250,Penugonda,1,IN,1575750850,97,16.65,81.74,70.02,4.9
251,Kemi,75,FI,1575750850,89,65.74,24.56,33.8,5.82
252,Bontang,88,ID,1575750850,84,0.12,117.47,78.57,2.35
253,Constitucion,5,MX,1575750850,17,23.99,-104.67,75.2,3.36
254,Seydi,75,NE,1575750850,12,13.34,7.75,72.36,8.46
255,Coari,88,BR,1575750850,78,-4.09,-63.14,81.75,3.04
256,Margate,40,AU,1575750850,71,-43.03,147.26,59.0,4.7
257,Bulgan,50,MN,1575750850,69,48.81,103.53,10.06,3.0
258,Sur,60,OM,1575750851,78,22.57,59.53,73.24,4.59
259,Mahebourg,20,MU,1575750851,88,-20.41,57.7,77.0,3.36
260,Lazarev,100,RU,1575750851,88,52.23,141.51,-0.65,8.59
261,Tautira,20,PF,1575750851,70,-17.73,-149.15,86.0,3.36
262,Auki,36,NG,1575750851,16,12.18,6.51,71.6,7.78
263,Srednekolymsk,9,RU,1575750851,100,67.46,153.71,-30.44,2.46
264,Bastia,75,IT,1575750851,71,44.6,8.98,57.0,5.82
265,Samarkand,40,UZ,1575750851,100,39.65,66.98,37.4,9.17
266,Mandal,0,MN,1575750851,77,48.82,106.5,4.98,2.64
267,Sangar,16,RU,1575750851,91,63.92,127.47,-40.9,5.66
268,Tynda,0,RU,1575750851,96,55.15,124.74,-28.88,0.22
269,Yumen,0,CN,1575750851,53,40.29,97.04,22.06,17.47
270,Wolgast,100,DE,1575750852,90,54.05,13.77,43.0,1.01
271,Port Lincoln,89,AU,1575750852,59,-34.72,135.86,67.28,13.51
272,Sechura,76,PE,1575750852,89,-5.56,-80.82,68.76,18.41
273,Vieste,40,IT,1575750852,93,41.88,16.18,51.8,2.24
274,Cidreira,0,BR,1575750852,67,-30.17,-50.22,68.74,8.03
275,Katangli,100,RU,1575750852,96,51.71,143.23,-0.4,8.28
276,Yakeshi,58,CN,1575750852,100,49.28,120.73,-7.8,3.51
277,Predivinsk,100,RU,1575750852,95,57.07,93.44,25.12,9.98
278,Ambovombe,6,MG,1575750852,95,-25.18,46.09,72.95,3.53
279,Chesma,96,RU,1575750852,84,53.81,60.65,27.1,12.35
280,Vostok,100,RU,1575750852,97,46.45,135.83,-9.42,12.46
281,Pirgos,20,GR,1575750852,77,35.12,25.72,62.01,4.7
282,Honiara,75,SB,1575750852,94,-9.43,159.96,75.2,4.09
283,Taixing,0,CN,1575750852,74,32.17,120.02,41.0,3.44
284,Vaitape,76,PF,1575750852,77,-16.52,-151.75,82.27,17.29
285,Bereda,75,ES,1575750852,87,43.27,-7.54,57.99,9.17
286,Ketchikan,1,US,1575750852,54,55.34,-131.65,37.4,11.41
287,Galesong,20,ID,1575750852,94,-5.32,119.37,77.0,3.36
288,Port-Gentil,40,GA,1575750852,94,-0.72,8.78,78.8,3.36
289,Cabedelo,20,BR,1575750852,70,-6.97,-34.84,84.2,10.29
290,Nome,1,US,1575750853,40,30.04,-94.42,73.4,10.29
291,Haapiti,20,PF,1575750853,70,-17.57,-149.87,86.0,3.36
292,Flinders,75,AU,1575750853,68,-34.58,150.85,66.99,5.82
293,Pringsewu,75,ID,1575750853,98,-5.36,104.98,70.34,1.45
294,Oranjestad,20,AW,1575750731,58,12.52,-70.03,86.0,17.22
295,Port Augusta,0,AU,1575750853,71,-32.49,137.76,71.01,4.7
296,Pickerington,1,US,1575750853,48,39.88,-82.75,43.0,3.36
297,Naze,20,NG,1575750853,83,5.43,7.07,82.4,4.7
298,Port Moresby,5,PG,1575750853,100,-9.47,147.16,69.8,6.93
299,Trelew,0,AR,1575750715,40,-43.25,-65.31,64.85,19.8
300,Bodden Town,20,KY,1575750853,65,19.28,-81.25,82.4,10.29
301,Paita,10,PE,1575750853,100,-5.09,-81.11,62.6,13.87
302,Moron,3,HT,1575750853,83,18.56,-74.26,79.88,14.14
303,Dalby,90,AU,1575750853,68,-27.18,151.26,80.01,14.99
304,East London,28,ZA,1575750853,72,-33.02,27.91,66.92,2.06
305,Neyshabur,91,IR,1575750853,49,36.21,58.79,47.97,11.77
306,Egvekinot,54,RU,1575750854,90,66.32,-179.17,-0.96,22.88
307,Ahipara,72,NZ,1575750854,100,-35.17,173.16,71.01,12.3
308,High Rock,20,BS,1575750854,64,26.63,-78.28,75.2,5.82
309,Nemours,90,FR,1575750854,93,48.27,2.7,50.0,10.29
310,San Cristobal,100,HN,1575750854,65,14.68,-86.92,75.24,9.48
311,Severo-Kurilsk,78,RU,1575750854,81,50.68,156.12,16.18,4.61
312,Real,40,PH,1575750854,78,14.67,121.6,78.8,2.24
313,Coruripe,0,BR,1575750854,85,-10.12,-36.18,80.11,16.82
314,Salem,90,US,1575750654,93,44.94,-123.03,50.0,5.82
315,Jieshi,59,CN,1575750854,60,22.82,115.83,46.72,5.79
316,Zhuhai,16,CN,1575750854,84,40.71,112.04,3.2,2.24
317,San Patricio,0,PY,1575750854,38,-26.98,-56.83,86.05,4.32
318,Yerbogachen,100,RU,1575750854,96,61.28,108.01,14.2,4.83
319,Henties Bay,33,NA,1575750854,85,-22.12,14.28,69.01,1.99
320,Lukovetskiy,90,RU,1575750854,98,64.29,41.92,32.0,6.71
321,Khromtau,6,KZ,1575750854,90,50.26,58.44,27.72,21.25
322,Victoria,75,BN,1575750800,88,5.28,115.24,80.6,14.52
323,Faya,6,SA,1575750854,93,18.39,42.45,57.2,4.45
324,Iqaluit,90,CA,1575750854,78,63.75,-68.52,8.6,3.36
325,Orlik,20,PL,1575750855,80,53.95,17.74,41.0,19.46
326,Puerto Narino,40,CO,1575750855,70,-3.77,-70.38,87.8,3.36
327,Marystown,100,CA,1575750855,100,47.17,-55.16,35.01,17.38
328,Bama,0,CN,1575750855,58,24.14,107.25,42.31,1.9
329,Nuevo Progreso,40,US,1575750855,44,26.05,-97.95,78.01,3.36
330,Mach,0,PK,1575750855,33,29.87,67.33,50.22,1.48
331,Valdivia,0,CL,1575750855,44,-39.81,-73.25,75.2,9.17
332,Ancud,40,CL,1575750855,52,-41.87,-73.83,69.8,13.87
333,Pierre,1,US,1575750567,52,44.37,-100.35,48.99,11.41
334,Avera,90,US,1575750855,45,33.19,-82.53,66.2,6.93
335,Piacabucu,0,BR,1575750855,84,-10.41,-36.43,79.9,13.44
336,Worland,1,US,1575750855,64,44.02,-107.96,45.0,5.66
337,Deputatskiy,9,RU,1575750855,100,69.3,139.9,-29.29,1.77
338,Kochi,20,IN,1575750855,88,9.96,76.25,78.8,3.36
339,Cairns,2,AU,1575750597,94,-16.92,145.77,72.0,4.54
340,Limbang,75,BN,1575750855,88,4.75,115.01,80.6,3.36
341,Bonfim,72,GY,1575750855,46,3.36,-59.84,91.22,8.93
342,Lekoni,77,GA,1575750856,84,-1.58,14.26,73.96,5.03
343,Filadelfia,94,PY,1575750856,19,-22.35,-60.04,92.07,8.59
344,Lasa,40,CY,1575750856,71,34.92,32.53,53.6,6.93
345,Axim,99,GH,1575750856,89,4.87,-2.24,76.82,3.94
346,Paracatu,100,BR,1575750856,79,-17.22,-46.87,76.03,4.63
347,Hobyo,46,SO,1575750856,80,5.35,48.53,79.11,11.16
348,Sulangan,69,PH,1575750856,75,11.14,123.72,81.59,6.64
349,Nishihara,1,JP,1575750856,86,35.74,139.53,44.01,4.32
350,Ruteng,26,ID,1575750856,73,-8.61,120.46,66.51,4.43
351,Paamiut,99,GL,1575750856,50,61.99,-49.67,29.03,5.28
352,Reconquista,0,AR,1575750856,33,-29.14,-59.64,87.87,9.86
353,Mayo,75,CA,1575750856,75,63.59,-135.9,-14.8,2.24
354,Wentzville,1,US,1575750856,49,38.81,-90.85,50.0,4.7
355,Bouna,100,CI,1575750856,25,9.27,-3.0,83.21,3.49
356,Chunskiy,99,RU,1575750856,94,56.08,99.63,21.04,6.4
357,Nova Olimpia,100,BR,1575750666,92,-14.8,-57.29,77.83,4.23
358,Port Blair,40,IN,1575750857,72,11.67,92.75,78.87,17.29
359,Deer Lake,90,CA,1575750857,79,49.18,-57.43,26.6,5.82
360,Black River,20,JM,1575750857,74,18.03,-77.85,84.99,14.99
361,Erenhot,0,CN,1575750857,59,43.65,111.97,21.56,15.86
362,Perth,20,AU,1575750857,93,-31.95,115.86,62.01,8.05
363,Shache,91,CN,1575750857,65,38.42,77.24,24.89,2.48
364,Ola,100,RU,1575750857,73,59.58,151.3,0.73,11.5
365,Yinchuan,0,CN,1575750857,27,38.48,106.21,30.99,3.0
366,Barinitas,100,VE,1575750857,95,8.76,-70.41,57.87,1.63
367,Sobolevo,100,RU,1575750857,75,54.43,31.9,32.04,16.17
368,Alta Floresta,20,BR,1575750857,83,-9.87,-56.08,80.6,2.24
369,Tezu,0,IN,1575750857,35,27.93,96.16,55.62,3.02
370,Portland,1,US,1575750400,50,43.66,-70.25,32.0,6.93
371,Gashua,39,NG,1575750857,14,12.87,11.04,71.69,10.36
372,Huntsville,1,US,1575750584,48,34.73,-86.59,64.0,4.7
373,La Ronge,40,CA,1575750857,77,55.1,-105.3,1.4,10.29
374,Bemidji,1,US,1575750857,89,47.48,-94.89,35.01,8.05
375,Kokoda,0,PG,1575750857,74,-8.88,147.74,64.71,1.19
376,Jinchang,98,CN,1575750857,28,38.52,102.19,24.22,8.28
377,Saskylakh,100,RU,1575750857,94,71.97,114.09,-5.42,9.71
378,Kajaani,90,FI,1575750858,100,64.22,27.73,30.2,5.82
379,Sitka,95,US,1575750858,51,37.17,-99.65,57.0,15.01
380,Khor,0,RU,1575750858,87,47.88,134.96,-10.55,8.32
381,Khandyga,36,RU,1575750858,93,62.65,135.58,-45.15,1.41
382,Ayorou,98,NE,1575750858,9,14.73,0.92,77.25,10.63
383,Nanortalik,100,GL,1575750858,65,60.14,-45.24,35.35,6.82
384,Hun,75,BE,1575750858,81,50.34,4.87,48.2,14.99
385,Timizart,9,DZ,1575750858,78,36.8,4.25,61.61,10.0
386,Mandalgovi,0,MN,1575750858,53,45.76,106.27,17.64,11.21
387,Saint-Francois,90,FR,1575750858,100,46.42,3.91,46.4,3.36
388,Aloleng,0,PH,1575750858,84,16.13,119.78,69.06,4.47
389,Le Creusot,90,FR,1575750754,100,46.81,4.43,46.99,3.36
390,Green Valley,1,US,1575750858,52,40.41,-89.64,46.0,9.17
391,Belmonte,0,PT,1575750858,90,40.36,-7.35,48.0,1.01
392,Matveyevka,90,RU,1575750858,86,54.92,83.08,30.2,15.66
393,Kattivakkam,40,IN,1575750858,94,13.22,80.32,77.0,16.67
394,Hambantota,96,LK,1575750858,80,6.12,81.12,79.36,18.07
395,Letnik,0,RU,1575750858,91,46.01,41.27,33.91,7.43
396,Pathein,79,MM,1575750859,75,16.78,94.73,63.23,7.25
397,Zhangye,24,CN,1575750859,40,38.94,100.46,21.6,1.72
398,Pangkalanbuun,99,ID,1575750859,97,-2.68,111.62,73.96,2.3
399,Hof,90,DE,1575750859,100,50.32,11.92,44.01,4.7
400,Mata,0,PT,1575750859,93,40.68,-7.46,48.99,1.5
401,Kurilsk,71,RU,1575750859,69,45.23,147.88,26.37,34.16
402,Kennett,1,US,1575750859,70,36.24,-90.06,54.0,8.05
403,Wilmington,1,US,1575750727,44,39.75,-75.55,41.0,6.93
404,Holme,97,DK,1575750859,93,56.11,10.17,41.0,4.7
405,Fairbanks,1,US,1575750632,84,64.84,-147.72,10.0,2.66
406,Saldanha,0,PT,1575750860,86,41.42,-6.55,42.49,3.22
407,Ekibastuz,100,KZ,1575750860,89,51.72,75.32,34.12,17.9
408,Dunedin,51,NZ,1575750860,42,-45.87,170.5,64.99,4.0
409,Roald,75,NO,1575750860,77,62.58,6.12,35.6,14.99
410,Mount Gambier,24,AU,1575750860,100,-37.83,140.78,46.4,9.17
411,Labuhan,100,ID,1575750860,95,-2.54,115.51,73.58,1.34
412,Nuqui,75,CO,1575750860,78,5.71,-77.27,80.6,4.7
413,Aksu,90,KZ,1575750860,98,52.04,76.93,32.0,22.37
414,Kieta,100,PG,1575750860,73,-6.22,155.63,81.14,4.79
415,Plettenberg Bay,67,ZA,1575750860,82,-34.05,23.37,63.01,2.37
416,Temiscaming,20,CA,1575750860,72,46.72,-79.1,17.01,8.05
417,Usinsk,18,RU,1575750860,95,66.0,57.56,-9.49,6.51
418,Hellvik,20,NO,1575750860,76,59.92,5.78,37.0,11.41
419,Camabatela,87,AO,1575750860,98,-8.19,15.37,63.37,7.0
420,Elk Plain,90,US,1575750860,100,47.04,-122.37,50.0,3.76
421,Andra,89,RU,1575750860,97,62.52,65.89,2.44,1.74
422,Vredendal,0,ZA,1575750861,86,-31.68,18.49,61.57,10.38
423,Bridlington,100,GB,1575750861,87,54.08,-0.19,48.99,20.8
424,Camacha,40,PT,1575750861,68,33.08,-16.33,64.4,12.75
425,Nouadhibou,0,MR,1575750861,68,20.93,-17.03,66.2,18.34
426,Klaksvik,100,FO,1575750861,96,62.23,-6.59,32.0,32.21
427,Bukama,58,CD,1575750861,97,-9.2,25.85,68.41,1.41
428,Kolosovka,100,RU,1575750861,95,56.47,73.61,32.05,11.07
429,Antsohihy,100,MG,1575750861,87,-14.88,47.99,77.07,6.31
430,Macau,0,BR,1575750861,80,-5.11,-36.64,81.01,23.29
431,Chum Phae,0,TH,1575750861,70,16.54,102.1,49.14,2.46
432,Emerald,0,AU,1575750861,69,-23.53,148.16,77.0,8.05
433,Mitsamiouli,100,KM,1575750862,76,-11.38,43.28,83.34,9.64
434,Touros,20,BR,1575750862,70,-5.2,-35.46,84.2,18.34
435,Pauini,68,BR,1575750862,62,-7.71,-67.0,84.2,3.65
436,Mizdah,100,LY,1575750862,37,31.45,12.98,60.21,2.13
437,Deniliquin,0,AU,1575750862,41,-35.53,144.96,64.17,6.26
438,Ust-Nera,100,RU,1575750862,95,64.57,143.24,-20.25,1.1
439,Bosaso,100,SO,1575750862,84,11.28,49.18,79.75,19.1
440,Kaltasy,100,RU,1575750862,95,55.97,54.79,29.68,11.54
441,Balacita,0,RO,1575750862,93,44.38,23.13,39.99,6.93
442,Komsomolskiy,74,RU,1575750862,99,67.55,63.78,-16.91,5.79
443,Chara,75,GR,1575750862,93,39.42,22.43,48.2,1.57
444,Songea,20,TZ,1575750862,78,-10.68,35.65,75.2,6.93
445,Imbituba,20,BR,1575750862,64,-28.24,-48.67,73.4,12.75
446,Guozhen,0,CN,1575750862,54,29.3,113.14,45.9,2.19
447,Sinop,0,TR,1575750863,49,42.03,35.15,45.16,5.79
448,Kahului,20,US,1575750729,54,20.89,-156.47,80.6,13.33
449,Tuatapere,100,NZ,1575750863,76,-46.13,167.69,55.0,3.0
450,Pueblo Nuevo,20,AR,1575750863,24,-32.93,-68.73,89.6,11.41
451,Carutapera,26,BR,1575750863,76,-1.2,-46.02,81.9,15.86
452,La Primavera,20,AR,1575750863,24,-32.92,-68.67,89.6,11.41
453,Mpulungu,100,ZM,1575750863,94,-8.77,31.12,64.54,1.63
454,Plouzane,90,FR,1575750863,87,48.38,-4.62,52.0,14.99
455,Saiha,0,IN,1575750863,75,22.49,92.98,52.7,3.47
456,Helong,0,CN,1575750863,68,25.94,116.13,33.22,2.68
457,Poum,75,MK,1575750863,93,41.28,20.71,41.0,3.36
458,Inuvik,20,CA,1575750863,76,68.36,-133.71,-4.0,5.82
459,Ponta do Sol,92,BR,1575750863,86,-20.63,-46.0,74.17,4.23
460,Bushenyi,77,UG,1575750863,96,-0.54,30.19,62.85,1.21
461,Excelsior Springs,1,US,1575750863,45,39.34,-94.23,51.01,8.05
462,College,1,US,1575750863,84,64.86,-147.8,14.0,5.17
463,Nagua,40,DO,1575750864,78,19.37,-69.85,86.0,13.87
464,Mogadishu,0,SO,1575750790,81,2.04,45.34,82.02,14.0
465,Nyazepetrovsk,100,RU,1575750864,92,56.06,59.6,28.54,8.48
466,Corinto,75,CO,1575750864,65,3.17,-76.26,78.8,13.87
467,Asosa,15,ET,1575750864,44,10.07,34.53,71.47,5.17
468,Gushikawa,90,JP,1575750864,63,26.35,127.87,62.6,17.22
469,Templin,40,DE,1575750864,87,53.12,13.5,48.99,12.75
470,Kununurra,7,AU,1575750864,88,-15.77,128.74,80.6,2.55
471,Govindgarh,0,IN,1575750864,61,27.5,77.0,57.51,2.04
472,Zonguldak,95,TR,1575750864,57,41.25,31.83,35.44,3.49
473,Maxixe,20,MZ,1575750864,78,-23.86,35.35,78.8,11.41
474,Petropavlovsk-Kamchatskiy,57,RU,1575750864,72,53.05,158.65,10.4,11.18
475,Presidencia Roque Saenz Pena,31,AR,1575750864,18,-26.79,-60.44,92.41,8.01
476,Lantana,1,US,1575750864,47,26.19,-97.58,78.01,9.17
477,Slave Lake,90,CA,1575750864,85,55.28,-114.77,12.2,8.05
478,Butterworth,20,MY,1575750864,88,5.4,100.37,78.8,5.17
479,Opuwo,100,NA,1575750668,47,-18.06,13.84,69.46,11.39
480,Kerman,0,IR,1575750864,30,30.29,57.06,44.6,6.93
481,Erzin,20,TR,1575750864,76,36.95,36.2,50.0,5.82
482,Beloha,68,MG,1575750864,84,-25.17,45.06,73.83,6.53
483,Salinopolis,59,BR,1575750864,80,-0.61,-47.36,81.72,14.7
484,Gawler,19,AU,1575750865,40,-34.6,138.75,72.0,10.0
485,Rafai,8,CF,1575750865,47,4.95,23.92,71.98,1.07
486,Guangyuan,0,CN,1575750865,88,32.43,105.86,42.01,3.31
487,Xapuri,40,BR,1575750865,62,-10.65,-68.5,89.6,3.36
488,Lucea,20,JM,1575750865,74,18.44,-78.17,84.99,14.99
489,Bukachacha,0,RU,1575750865,96,52.99,116.91,-8.39,1.77
490,Takab,100,IR,1575750865,98,36.4,47.11,33.08,3.69
491,Eldorado,2,BR,1575750865,62,-24.52,-48.11,75.06,5.37
492,Ponta Delgada,75,PT,1575750865,68,37.73,-25.67,64.4,4.7
493,Pisco,40,PE,1575750865,30,-13.71,-76.2,72.0,10.29
494,Nogales,0,CL,1575750865,67,-32.73,-71.2,82.99,12.75
495,Umba,100,RU,1575750784,98,66.69,34.34,31.6,8.55
496,Tawang,0,BT,1575750865,80,27.59,91.87,23.85,2.82
497,Anadyr,0,RU,1575750865,84,64.73,177.51,3.2,13.42
498,Merrill,90,US,1575750866,86,42.03,-121.6,41.0,8.05
499,Lerwick,100,GB,1575750866,93,60.15,-1.15,42.8,23.04
500,Gimli,100,CA,1575750866,97,50.63,-96.99,30.0,5.99
501,Katsuura,75,JP,1575750866,75,33.93,134.5,41.0,8.05
502,Quelimane,6,MZ,1575750866,74,-17.88,36.89,80.6,6.93
503,Lakes Entrance,20,AU,1575750866,78,-37.88,147.99,57.0,7.31
504,Livingston,1,US,1575750699,55,32.58,-88.19,66.0,4.25
505,Naryan-Mar,45,RU,1575750866,92,67.67,53.09,-4.95,11.54
506,Kortkeros,75,RU,1575750866,98,61.81,51.56,33.8,6.71
507,Diffa,17,NE,1575750866,20,13.32,12.61,72.16,9.78
508,Eyl,100,SO,1575750866,84,7.98,49.82,79.23,15.5
509,Darhan,1,MN,1575750866,80,49.49,105.92,4.59,4.32
510,Ardakan,40,IR,1575750866,65,32.31,54.02,44.6,2.24
511,Santa Rosa de Aguan,91,HN,1575750866,67,15.95,-85.71,80.8,10.16
512,Evensk,100,RU,1575750866,64,61.92,159.24,0.59,14.36
513,Pontianak,95,ID,1575750866,98,-0.02,109.34,73.26,0.94
514,Sherbakul,75,RU,1575750866,86,54.63,72.39,30.2,13.42
515,Lorengau,100,PG,1575750866,74,-2.02,147.27,82.69,6.06
516,Turayf,3,SA,1575750867,81,31.68,38.65,46.4,3.36
517,Ibra,41,OM,1575750867,80,22.69,58.55,70.54,14.29
518,Tenenkou,0,ML,1575750867,10,14.46,-4.91,76.87,8.25
519,Nizhniy Kuranakh,0,RU,1575750867,91,58.84,125.49,-27.8,1.88
520,Yatou,40,CM,1575750867,88,3.63,9.81,80.6,2.24
521,Luanda,40,AO,1575750867,74,-8.83,13.24,80.6,11.41
522,Padilla,75,CO,1575750867,65,3.23,-76.31,78.8,13.87
523,Taybad,0,IR,1575750867,82,34.74,60.78,42.49,3.18
524,Kasongo,97,CD,1575750867,96,-4.43,26.67,70.66,1.07
525,Santa Cruz,24,BR,1575750867,62,-6.22,-36.02,80.82,8.93
526,Motala,0,IN,1575750867,52,20.68,76.21,63.95,4.29
527,Kokkola,90,FI,1575750867,76,63.84,23.13,34.0,2.24
528,Cardiff,90,GB,1575750861,87,51.48,-3.18,52.0,10.29
529,Tongren,0,CN,1575750867,80,27.72,109.18,40.32,0.58
530,Iisalmi,90,FI,1575750867,96,63.56,27.19,32.0,4.7
531,Aginskoye,0,RU,1575750867,84,51.11,114.54,2.62,4.25
532,Broken Hill,0,AU,1575750868,18,-31.97,141.45,68.0,9.17
533,Gazojak,23,TM,1575750868,52,41.19,61.4,38.79,9.1
534,Bam,0,IR,1575750868,41,29.11,58.36,51.39,0.51
535,Mansehra,0,PK,1575750868,25,34.33,73.2,40.86,8.77
536,Noyabrsk,84,RU,1575750868,96,63.2,75.45,-7.91,8.63
537,Homer,90,US,1575750868,75,59.64,-151.54,44.6,10.71
538,Mtambile,63,TZ,1575750868,77,-5.38,39.7,82.71,6.62
539,Ambulu,77,ID,1575750868,85,-8.35,113.61,79.32,4.99
540,Terney,5,RU,1575750724,75,45.05,136.61,2.3,4.97
541,Zhigansk,93,RU,1575750868,93,66.77,123.37,-35.97,14.07
542,Moroto,1,UG,1575750868,53,2.53,34.66,75.24,7.49
543,Haines Junction,99,CA,1575750868,94,60.75,-137.51,16.21,6.87
544,Ifakara,89,TZ,1575750868,86,-8.13,36.68,71.85,2.42
545,Millport,100,GB,1575750868,87,55.75,-4.92,52.0,25.28
546,Kaitangata,100,NZ,1575750869,63,-46.28,169.85,57.99,5.01
547,Matara,100,BI,1575750869,94,-3.48,29.48,59.18,1.45
548,Mount Darwin,50,ZW,1575750869,63,-16.77,31.58,71.92,1.45
549,Weihe,0,CN,1575750869,79,32.99,105.33,32.0,3.85
550,Catarama,60,EC,1575750869,53,-1.57,-79.48,87.89,2.77
551,Umm Bab,40,QA,1575750869,68,25.21,50.81,68.0,3.36
552,Sola,98,TZ,1575750869,78,-3.17,33.8,68.43,4.14
553,Almaznyy,0,RU,1575750869,86,48.03,40.04,33.8,8.95
554,Kamenka,35,MD,1575750869,90,48.03,28.7,23.0,3.13
555,Rawson,0,AR,1575750869,72,-43.3,-65.11,59.43,11.79
556,Umm Kaddadah,0,SD,1575750869,19,13.6,26.69,71.31,17.34
557,Obuasi,70,GH,1575750869,89,6.21,-1.69,76.14,3.11
558,Caraballeda,40,VE,1575750869,74,10.61,-66.85,84.2,4.7
559,Sibiti,100,CG,1575750869,99,-3.69,13.35,69.12,2.17
